+959424662359
+959450004814
+95955275664
+959449609300
+959257053349
+959401742678
+959425368671
+959404148954
+959889815708
+959254012809
+959261813612
+959427685898
+9592173945
+959265155435
+959881149294
+959253588172
+959881397806
+959256927664
+959890597134
+959441121493
+959421611204
+959268677677
+959449179142
+959428207158
+959403774250
+959421379953
+959885129182
+959421148278
+959882774217
+95926970510
+959256043396
+959429187978
+959428356700
+959408751187
+959254007225
+959895504045
+959402395035
+959882144591
+959256778934
+959444424116
+959898365508
+959402635717
+959420510700
+959424454387
+959894363613
+959447703696
+959400941027
+959253780851
+959440005067
+959442331144
+959450058624
+959423787709
+959263703987
+959261973170
+959424469226
+959445482303
+959267486279
+959265435295
+959454149943
+959888460234
+959420629490
+959454666687
+959400020507
+959448008742
+959257698485
+959423858101
+959407387143
+959252345488
+959251865301
+959406622256
+959250971991
+959451994001
+9595093823
+959420129517
+959267182974
+959421519169
+959253198592
+959254337705
+959892685578
+9595196946
+959458359909
+959409493899
+959451283111
+959252290582
+959250553637
+959254849175
+959889232201
+959255304351
+959261173692
+959444979441
+95955264075
+959422550393
+959264818905
+959250909659
+959250401216
+959430692797
+959443104323
+959441389146
+959265594422
+959880723529
+959422317801
+959880393084
+959443621608
+959261068553
+959255455525
+959890544240
+959899901816
+959400222862
+959261088217
+959409226568
+959404555696
+959250019051
+959440848964
+959423746386
+959264630789
+959254438667
+959893752486
+959444555474
+959451524919
+95955297822
+95943964538
+959263561228
+959258838807
+959424607565
+959442266092
+959255854402
+959456923327
+959455254688
+959420015202
+959420775315
+959254115978
+959428120855
+959402782642
+959262499233
+959253685958
+959445100858
+959402811196
+959260045120
+959259138581
+959253033448
+959440338821
+959441322072
+959899700562
+959420145036
+959458408524
+959885057868
+959447145146
+95943029873
+959254146456
+959895361091
+959442716669
+959890454612
+959445026729
+959448376849
+959898382222
+95955283682
+959887410823
+959260083226
+959885166261
+959259484642
+95955246556
+959454857363
+959886586025
+959898485442
+959880778804
+959263116812
+959441284280
+959422544689
+959267694187
+959889874245
+959267095561
+959455258998
+959890080022
+959254633119
+959448922115
+959457843532
+959265834124
+959444513099
+959450022034
+959448533079
+959403745260
+959442629247
+9592174460
+959269317877
+959257317673
+959451469171
+959428336618
+959892082228
+959454836405
+959890704716
+95943131520
+959424407999
+959420122662
+959258809207
+959259065241
+959250019025
+959428219163
+959428049530
+959454025067
+959440479369
+959440879738
+95955289170
+959420028567
+959421145434
+959253310248
+959401372350
+959897301499
+959899959255
+959257015100
+959261366967
+959420072640
+959421055124
+959426622048
+959424186722
+959454894166
+959444313252
+959445831217
+959250612402
+9595160434
+959265420921
+959899382142
+959261917518
+959444401199
+959256343565
+959427288483
+959400960320
+959267583612
+959420962320
+959455836735
+959444655360
+959420088232
+959442668513
+959269864572
+959441537564
+959450457891
+959406279350
+959255491506
+959258620051
+959450049566
+959894551057
+959449911536
+959459365896
+959441216041
+959441004880
+95955266281
+959423318966
+959255775812
+959442197362
+959884960605
+959424958513
+95973522049
+959895311609
+959445638684
+959893801803
+959425897794
+959450420099
+959422309728
+959261114976
+959443220575
+959403125245
+959449820913
+959428363516
+959882855231
+959444590756
+959444173635
+9595216032
+959269099974
+959883486133
+959885062068
+959266886329
+959259404856
+959252456901
+959422473910
+959250333187
+959459735330
+959456313010
+959421073973
+95925410639
+959426667366
+959425050776
+959429151816
+959880277750
+959263485325
+959258661462
+959260730549
+959420848836
+959422653375
+959256946508
+959420091865
+959265376151
+959265685022
+959894427065
+959251213190
+95955241150
+959255666335
+959403712203
+959402750898
+959451097823
+959425778326
+959263388776
+959255944522
+959254787981
+959401982114
+959892264927
+959421781117
+959420934257
+959400956417
+959407325454
+959250926686
+959420068655
+959447659618
+959422595582
+959403333288
+959424519457
+959250815568
+959404007958
+959264639575
+959250063140
+959441710647
+959266648211
+959265072399
+959450572584
+959440381959
+959883371336
+959424148180
+959258083588
+959455661521
+959442115876
+959444214805
+959263617329
+959424264939
+95925815364
+959444485683
+959408586789
+959251065188
+959403720200
+959890462605
+959454270455
+959400150273
+959455592601
+959444485007
+959261921613
+959262216335
+959424520926
+959251353467
+95955229602
+95955223740
+95943730449
+959453159069
+959440156187
+959446462400
+959899549453
+959264880140
+959457915138
+959421879519
+95943011987
+959250099536
+959250702248
+959455433279
+959425870678
+959269137849
+959440570723
+9595501263
+959267056927
+95955277738
+959458659681
+959883910225
+959256777177
+959400440148
+959400807700
+959889694654
+959260949931
+959254816660
+959404206680
+959893609291
+959426810164
+959451658674
+95943018246
+959423307271
+95955226412
+959444369309
+959404493141
+959268512529
+959402927505
+95955292371
+959400544225
+959448828267
+959425014043
+959401577598
+959883036778
+959450946228
+959256647843
+959256616160
+959259410391
+959448772891
+959447221679
+959428347711
+959454409435
+959402594805
+959457357519
+959893188342
+959254444573
+959258025764
+959402421523
+959452332316
+959448535683
+959458580798
+959403383479
+959446322655
+959403676457
+959890088169
+959265129324
+959425003514
+959403128388
+959423004460
+959421209752
+959458488859
+959257770659
+959459420998
+959403922337
+959265456606
+959420615817
+959250887720
+959445246097
+959430692716
+959252997465
+959441884882
+959443155561
+959898471356
+959895918587
+959885194162
+959262836478
+959400974051
+959458883045
+959456647488
+95973282341
+959253085367
+959255071252
+959421087350
+959440265662
+959260454587
+959250637037
+959254350778
+959449591050
+959400955873
+959405147002
+959425588850
+959421183457
+959261901165
+959404101624
+959883119079
+959258754661
+959256238002
+959255448021
+959252868327
+959451830926
+959420723075
+959421295405
+959405535033
+95955254585
+959453893192
+959886790601
+959403611665
+959457605967
+959427984721
+95955212105
+959442095939
+95955218264
+959421004001
+959420782597
+959266257612
+959251013486
+959252872079
+959422926538
+959407046774
+959428207120
+959882453420
+9592019782
+959428692306
+959408825096
+959400935980
+959428320378
+959266181706
+959899006201
+95973503579
+959424505137
+959450229046
+959451503750
+959250673180
+959898776545
+959892165678
+959894498860
+959890140777
+95955286993
+959449255740
+959457216543
+959450788119
+959450332234
+959892926502
+959422480923