+67075149102
+67075148401
+67075147532
+67075148037
+67075144684
+67075149119
+67075148742
+67075144941
+67075144298
+67075145794
+67075144805
+67075148023
+67075140908
+67075143558
+67075145734
+67075142050
+67075143303
+67075142490
+67075143971
+67075143641
+67075144679
+67075143989
+67075148856
+67075148808
+67075149829
+67075146718
+67075143520
+67075140283
+67075147146
+67075148614
+67075147016
+67075147367
+67075144665
+67075147676
+67075148441
+67075140260
+67075143696
+67075147943
+67075149488
+67075141908
+67075140895
+67075148053
+67075145084
+67075144081
+67075146062
+67075144789
+67075143726
+67075149454
+67075145363
+67075141999
+67075148286
+67075142080
+67075141857
+67075143063
+67075142838
+67075149669
+67075140297
+67075143562
+67075149062
+67075142420
+67075143188
+67075141524
+67075148181
+67075143877
+67075147846
+67075149195
+67075143123
+67075149924
+67075149753
+67075143775
+67075144031
+67075143700
+67075146754
+67075143145
+67075146827
+67075148839
+67075141669
+67075149508
+67075141090
+67075140583
+67075149836
+67075149684
+67075142742
+67075141580
+67075141132
+67075147134
+67075143358
+67075147210
+67075142921
+67075149956
+67075140555
+67075147611
+67075143805
+67075145074
+67075147993
+67075145528
+67075141066
+67075147424
+67075147314
+67075140514
+67075146553
+67075143254
+67075148510
+67075147315
+67075141527
+67075142186
+67075145940
+67075149182
+67075141180
+67075142458
+67075144177
+67075149032
+67075148748
+67075145236
+67075141477
+67075148797
+67075144165
+67075146388
+67075145542
+67075140942
+67075140356
+67075148228
+67075146999
+67075147580
+67075148423
+67075145116
+67075144753
+67075141304
+67075146361
+67075140835
+67075147312
+67075144856
+67075140389
+67075146467
+67075148855
+67075148744
+67075149841
+67075145286
+67075147647
+67075141577
+67075142341
+67075148646
+67075148725
+67075141903
+67075140615
+67075142022
+67075140413
+67075143377
+67075144231
+67075140917
+67075142756
+67075147796
+67075141526
+67075149315
+67075144387
+67075147513
+67075146038
+67075146583
+67075142833
+67075144461
+67075141307
+67075148650
+67075140486
+67075146011
+67075148571
+67075149375
+67075141402
+67075142733
+67075141262
+67075148242
+67075146881
+67075144244
+67075144091
+67075142538
+67075140830
+67075140620
+67075146534
+67075148573
+67075140292
+67075149706
+67075141403
+67075143635
+67075147803
+67075146988
+67075145947
+67075146341
+67075141049
+67075143799
+67075144867
+67075149130
+67075145454
+67075144116
+67075141002
+67075146095
+67075141104
+67075140648
+67075149805
+67075148798
+67075145267
+67075148106
+67075146049
+67075144136
+67075141938
+67075143009
+67075143819
+67075140644
+67075147620
+67075149297
+67075142672
+67075140477
+67075144814
+67075143531
+67075148195
+67075140703
+67075143250
+67075146616
+67075149916
+67075142531
+67075143086
+67075141096
+67075141836
+67075145943
+67075140826
+67075146171
+67075142606
+67075142013
+67075149694
+67075141200
+67075147519
+67075143647
+67075147626
+67075144973
+67075145159
+67075145533
+67075149929
+67075149429
+67075146439
+67075148417
+67075143820
+67075141124
+67075140690
+67075143892
+67075146610
+67075146219
+67075140147
+67075146284
+67075144394
+67075144153
+67075147710
+67075148982
+67075140517
+67075147589
+67075142128
+67075144633
+67075145836
+67075143751
+67075148015
+67075149280
+67075142289
+67075146501
+67075143148
+67075148815
+67075141819
+67075142914
+67075147278
+67075147708
+67075148663
+67075146727
+67075143283
+67075147669
+67075147466
+67075148693
+67075142021
+67075147635
+67075146235
+67075147144
+67075141345
+67075145744
+67075149440
+67075145969
+67075146757
+67075141803
+67075143168
+67075145902
+67075148162
+67075148851
+67075147950
+67075140552
+67075144151
+67075142293
+67075140163
+67075141593
+67075141738
+67075145408
+67075142793
+67075149576
+67075145301
+67075147375
+67075147860
+67075147671